2023-08-20_19-20-11
__module__ = simulation_constants
cell_hoc_file = ../data/Pospischil/sPY/template.hoc
cell_name_in_hoc_file = sPY
h_v_init = -67.0
h_tstop = 2000
h_i_delay = 500
h_i_dur = 1500
h_dt = 0.025
amps = [-2.0, -1.9, -1.7999999999999998, -1.6999999999999997, -1.5999999999999996, -1.4999999999999996, -1.3999999999999995, -1.2999999999999994, -1.1999999999999993, -1.0999999999999992, -0.9999999999999991, -0.899999999999999, -0.7999999999999989, -0.6999999999999988, -0.5999999999999988, -0.49999999999999867, -0.3999999999999986, -0.2999999999999985, -0.1999999999999984, -0.09999999999999831, 1.7763568394002505e-15, 0.10000000000000187, 0.20000000000000195, 0.30000000000000204, 0.40000000000000213, 0.5000000000000022, 0.6000000000000023, 0.7000000000000024, 0.8000000000000025, 0.9000000000000026, 1.0000000000000027, 1.1000000000000028, 1.2000000000000028, 1.300000000000003, 1.400000000000003, 1.500000000000003, 1.6000000000000032, 1.7000000000000033, 1.8000000000000034, 1.9000000000000035, 2.0000000000000036, 2.100000000000003, 2.2000000000000037, 2.3000000000000043, 2.400000000000004, 2.5000000000000036, 2.600000000000004, 2.7000000000000046, 2.8000000000000043, 2.900000000000004, 3.0000000000000044, 3.100000000000005, 3.2000000000000046, 3.3000000000000043, 3.400000000000005, 3.5000000000000053, 3.600000000000005, 3.7000000000000046, 3.800000000000005, 3.9000000000000057, 4.000000000000005, 4.100000000000005, 4.2000000000000055, 4.300000000000006, 4.400000000000006, 4.500000000000005, 4.600000000000006, 4.700000000000006, 4.800000000000006, 4.900000000000006, 5.000000000000006, 5.100000000000007, 5.200000000000006, 5.300000000000006, 5.400000000000007, 5.500000000000007, 5.600000000000007, 5.700000000000006, 5.800000000000007, 5.9000000000000075, 6.000000000000007, 6.100000000000007, 6.200000000000006, 6.300000000000008, 6.4000000000000075, 6.500000000000007, 6.6000000000000085, 6.700000000000008, 6.800000000000008, 6.9000000000000075, 7.000000000000007, 7.1000000000000085, 7.200000000000008, 7.300000000000008, 7.400000000000009, 7.500000000000009, 7.6000000000000085, 7.700000000000008, 7.800000000000008, 7.900000000000009, 8.000000000000009, 8.100000000000009, 8.20000000000001, 8.30000000000001, 8.40000000000001, 8.500000000000009, 8.600000000000009, 8.70000000000001, 8.80000000000001, 8.90000000000001, 9.00000000000001, 9.10000000000001, 9.20000000000001, 9.30000000000001, 9.40000000000001, 9.50000000000001, 9.60000000000001, 9.70000000000001, 9.800000000000011, 9.900000000000011]
params = ['g_pas', 'gnabar_hh2', 'gkbar_hh2', 'gkbar_im']
lows = [5e-05, 0.025, 0.0025, 3.5e-05]
highs = [0.0002, 0.1, 0.01, 0.00014]
spike_threshold = 20
mc_num_spikes = 1
mc_interspike_time = 200
mc_min_v = 1
mc_mean_v = 2
mc_max_v = 1
segr_param_inds = [[0], [1, 2, 3]]
segr_voltage_bounds = [[-100, -65], [-65, 100]]
segr_time_bounds = [[0, 500], [0, 2000]]
target_V = None
target_params = [0.0001, 0.05, 0.005, 7e-05]
run_mode = segregated
modfiles_mode = segregated
modfiles_folder = ../data/Pospischil/sPY/seg_modfiles
num_repeats = 3
num_amps_to_match = 12
num_epochs = 5000
output_folder = output_Pospischil_sPY
produce_plots = True
__dict__ = <attribute '__dict__' of 'PospischilsPY' objects>
__weakref__ = <attribute '__weakref__' of 'PospischilsPY' objects>
__doc__ = None